label	n.asd	n.male.asd	n.ctrl	n.male.ctrl	age.asd	age.ctrl	age.sd.asd	age.sd.ctrl	iq.asd	iq.ctrl	iq.sd.asd	iq.sd.ctrl	mean.asd	mean.ctrl	sd.asd	sd.ctrl
Hodge et al. 2010	22	22	11	11	9.39090909090909	10.4	1.95202192876761	2.7	86.7545454545455	114.5	22.1884295732349	11.3	363.172727272727	372.5	52.5500639464808	54.1
Scott et al. 2009	48	48	14	14	12.4125	12.5	3.11493485468576	3.1	78.8125	113	23.0288036569931	12	376	350	47.5365480893945	32
Webb et al. 2009	45	38	26	18	3.94416666666667	3.90833333333333	0.333333333333333	0.5	59	115	21	15	312	316	48	45
Cleavinger et al. 2008	28	28	16	16	13.89	13.94	5.35	5.4	98.61	102	18.28	13.53	450.88	446.44	130.389385687639	118.262182036355
Kaufmann et al. 2003	10	10	22	22	6.9	8.3	2.4	1.9	66.1	120.8	14.4	9.2	360	340	55	65
Hardan et al. 2001	22	22	22	22	22.4	22.4	10.1	10	100.4	100.5	14.7	14.2	300	340	60	50
Levitt et al. 1999	8	NA	21	NA	12.5	12	2.2	2.8	83.3	114.9	11.9	11	234	281.8	51.5	31.7
Hashimoto et al. 1995	96	72	112	65	6.39322916666667	7.20647321428571	4.89992993035292	5.20358007845653	59.5	99.2	25	18.1	267.289270833333	286.528928571429	54.5571147995584	48.1138541295754
Holttum et al. 1992	18	18	18	18	20.2	20.2	8.1	8.3	94.5	95.2	12.2	12.1	328	344	50	47
